ÏñÔª	¹âÇ¿
1	147
2	146
3	145
4	146
5	145
6	146
7	145
8	146
9	147
10	148
11	148
12	148
13	147
14	146
15	146
16	147
17	146
18	146
19	148
20	147
21	149
22	149
23	149
24	149
25	150
26	150
27	150
28	151
29	151
30	151
31	150
32	150
33	151
34	150
35	150
36	151
37	151
38	151
39	149
40	151
41	152
42	154
43	153
44	154
45	152
46	152
47	152
48	151
49	151
50	151
51	152
52	154
53	154
54	156
55	156
56	153
57	152
58	153
59	152
60	153
61	154
62	154
63	155
64	154
65	155
66	155
67	155
68	155
69	155
70	155
71	154
72	154
73	155
74	156
75	155
76	155
77	156
78	154
79	155
80	153
81	152
82	152
83	153
84	153
85	153
86	153
87	154
88	152
89	154
90	153
91	152
92	153
93	154
94	154
95	155
96	156
97	157
98	158
99	158
100	157
101	157
102	155
103	156
104	156
105	156
106	154
107	153
108	154
109	154
110	152
111	152
112	153
113	153
114	152
115	152
116	151
117	152
118	153
119	152
120	150
121	150
122	151
123	152
124	154
125	154
126	154
127	155
128	155
129	155
130	156
131	157
132	156
133	159
134	159
135	161
136	161
137	162
138	161
139	162
140	161
141	162
142	163
143	163
144	163
145	163
146	160
147	158
148	157
149	155
150	155
151	156
152	156
153	155
154	155
155	156
156	154
157	154
158	153
159	155
160	157
161	157
162	158
163	159
164	158
165	159
166	159
167	158
168	156
169	156
170	157
171	156
172	156
173	156
174	155
175	156
176	156
177	158
178	159
179	157
180	156
181	156
182	156
183	158
184	157
185	158
186	159
187	161
188	160
189	158
190	157
191	157
192	155
193	155
194	153
195	154
196	156
197	157
198	158
199	158
200	157
201	157
202	157
203	157
204	157
205	159
206	158
207	159
208	158
209	160
210	161
211	161
212	161
213	161
214	161
215	162
216	162
217	162
218	160
219	158
220	157
221	156
222	155
223	156
224	156
225	157
226	158
227	158
228	160
229	161
230	161
231	162
232	163
233	163
234	162
235	163
236	162
237	161
238	162
239	161
240	161
241	160
242	160
243	160
244	160
245	160
246	160
247	158
248	159
249	160
250	159
251	159
252	161
253	160
254	161
255	160
256	162
257	162
258	163
259	164
260	163
261	163
262	162
263	162
264	161
265	162
266	161
267	162
268	162
269	161
270	161
271	161
272	161
273	160
274	160
275	161
276	162
277	164
278	167
279	168
280	169
281	170
282	171
283	169
284	168
285	165
286	165
287	166
288	164
289	165
290	166
291	166
292	167
293	168
294	168
295	168
296	167
297	168
298	168
299	169
300	169
301	171
302	172
303	173
304	173
305	173
306	172
307	174
308	172
309	172
310	172
311	172
312	171
313	169
314	168
315	166
316	166
317	168
318	168
319	166
320	167
321	167
322	166
323	166
324	165
325	164
326	165
327	163
328	163
329	162
330	162
331	163
332	163
333	165
334	166
335	168
336	166
337	166
338	167
339	166
340	164
341	164
342	163
343	162
344	163
345	166
346	167
347	166
348	166
349	166
350	164
351	164
352	161
353	158
354	155
355	151
356	146
357	140
358	131
359	123
360	110
361	 98
362	 86
363	 75
364	 64
365	 52
366	 44
367	 39
368	 37
369	 36
370	 35
371	 35
372	 35
373	 34
374	 34
375	 34
376	 35
377	 36
378	 38
379	 40
380	 42
381	 44
382	 46
383	 48
384	 53
385	 57
386	 62
387	 68
388	 78
389	 90
390	104
391	116
392	129
393	140
394	150
395	155
396	158
397	158
398	157
399	155
400	153
401	150
402	146
403	140
404	131
405	124
406	114
407	103
408	 93
409	 83
410	 74
411	 61
412	 49
413	 41
414	 36
415	 33
416	 33
417	 34
418	 34
419	 34
420	 34
421	 35
422	 36
423	 37
424	 38
425	 38
426	 37
427	 39
428	 41
429	 45
430	 48
431	 51
432	 57
433	 63
434	 69
435	 78
436	 89
437	103
438	116
439	126
440	137
441	148
442	155
443	160
444	162
445	165
446	166
447	167
448	168
449	170
450	172
451	173
452	172
453	173
454	173
455	174
456	173
457	173
458	174
459	175
460	174
461	176
462	175
463	175
464	174
465	173
466	173
467	173
468	172
469	173
470	173
471	173
472	172
473	172
474	171
475	171
476	170
477	171
478	168
479	172
480	172
481	174
482	173
483	174
484	173
485	173
486	174
487	175
488	174
489	173
490	171
491	168
492	165
493	164
494	163
495	159
496	152
497	146
498	139
499	130
500	121
501	109
502	 93
503	 82
504	 72
505	 63
506	 55
507	 48
508	 42
509	 40
510	 38
511	 39
512	 38
513	 36
514	 34
515	 33
516	 33
517	 34
518	 35
519	 37
520	 40
521	 42
522	 44
523	 47
524	 51
525	 55
526	 60
527	 66
528	 71
529	 79
530	 87
531	 97
532	109
533	122
534	131
535	139
536	144
537	149
538	152
539	154
540	153
541	152
542	150
543	148
544	142
545	137
546	128
547	120
548	109
549	 97
550	 85
551	 76
552	 69
553	 58
554	 47
555	 39
556	 35
557	 34
558	 35
559	 35
560	 33
561	 32
562	 31
563	 30
564	 30
565	 31
566	 31
567	 32
568	 31
569	 30
570	 31
571	 31
572	 31
573	 31
574	 31
575	 31
576	 31
577	 33
578	 32
579	 33
580	 33
581	 34
582	 35
583	 34
584	 35
585	 36
586	 37
587	 39
588	 42
589	 46
590	 48
591	 51
592	 54
593	 59
594	 63
595	 68
596	 77
597	 85
598	 94
599	102
600	109
601	117
602	127
603	139
604	146
605	150
606	150
607	149
608	147
609	146
610	143
611	141
612	134
613	130
614	123
615	115
616	109
617	 99
618	 90
619	 78
620	 66
621	 55
622	 48
623	 45
624	 42
625	 40
626	 38
627	 37
628	 37
629	 37
630	 38
631	 38
632	 39
633	 40
634	 41
635	 44
636	 46
637	 48
638	 52
639	 58
640	 62
641	 67
642	 71
643	 76
644	 83
645	 92
646	100
647	109
648	117
649	126
650	135
651	145
652	153
653	159
654	163
655	170
656	172
657	176
658	177
659	181
660	182
661	181
662	179
663	179
664	178
665	178
666	178
667	178
668	177
669	175
670	174
671	175
672	173
673	173
674	174
675	172
676	170
677	168
678	166
679	164
680	160
681	157
682	152
683	148
684	143
685	138
686	131
687	124
688	116
689	109
690	101
691	 93
692	 83
693	 75
694	 66
695	 57
696	 49
697	 44
698	 39
699	 37
700	 35
701	 35
702	 35
703	 35
704	 35
705	 34
706	 33
707	 34
708	 35
709	 35
710	 36
711	 36
712	 35
713	 36
714	 36
715	 36
716	 36
717	 35
718	 35
719	 36
720	 37
721	 38
722	 36
723	 35
724	 35
725	 35
726	 34
727	 34
728	 35
729	 36
730	 36
731	 35
732	 35
733	 36
734	 36
735	 37
736	 37
737	 36
738	 36
739	 36
740	 37
741	 37
742	 37
743	 38
744	 38
745	 38
746	 40
747	 42
748	 44
749	 47
750	 48
751	 50
752	 53
753	 56
754	 62
755	 66
756	 71
757	 77
758	 84
759	 92
760	 99
761	107
762	114
763	123
764	130
765	139
766	146
767	153
768	161
769	166
770	171
771	177
772	179
773	182
774	182
775	185
776	186
777	186
778	185
779	186
780	185
781	185
782	185
783	186
784	186
785	186
786	185
787	186
788	185
789	185
790	185
791	183
792	182
793	181
794	179
795	177
796	176
797	175
798	173
799	170
800	167
801	163
802	158
803	153
804	147
805	141
806	134
807	129
808	122
809	116
810	108
811	100
812	 93
813	 85
814	 77
815	 71
816	 66
817	 60
818	 57
819	 55
820	 52
821	 52
822	 53
823	 54
824	 56
825	 59
826	 63
827	 68
828	 73
829	 79
830	 87
831	 93
832	 99
833	108
834	113
835	121
836	126
837	134
838	141
839	149
840	157
841	162
842	167
843	173
844	175
845	178
846	179
847	181
848	181
849	182
850	182
851	184
852	184
853	186
854	186
855	188
856	189
857	190
858	188
859	190
860	189
861	189
862	190
863	190
864	190
865	191
866	192
867	191
868	191
869	192
870	192
871	192
872	193
873	193
874	193
875	192
876	191
877	191
878	190
879	189
880	189
881	188
882	187
883	186
884	185
885	184
886	180
887	178
888	174
889	171
890	166
891	162
892	157
893	151
894	145
895	139
896	132
897	127
898	120
899	113
900	107
901	101
902	 94
903	 88
904	 80
905	 74
906	 68
907	 64
908	 62
909	 59
910	 59
911	 58
912	 59
913	 61
914	 63
915	 65
916	 69
917	 73
918	 78
919	 83
920	 90
921	 96
922	103
923	109
924	117
925	123
926	129
927	137
928	142
929	149
930	153
931	157
932	159
933	162
934	163
935	163
936	162
937	159
938	155
939	152
940	145
941	140
942	135
943	129
944	122
945	116
946	109
947	103
948	 96
949	 90
950	 83
951	 77
952	 69
953	 64
954	 59
955	 55
956	 52
957	 48
958	 46
959	 44
960	 42
961	 40
962	 39
963	 38
964	 38
965	 37
966	 37
967	 37
968	 37
969	 37
970	 37
971	 37
972	 37
973	 36
974	 37
975	 37
976	 37
977	 37
978	 37
979	 37
980	 37
981	 37
982	 37
983	 37
984	 37
985	 37
986	 37
987	 37
988	 37
989	 37
990	 36
991	 37
992	 37
993	 37
994	 37
995	 37
996	 37
997	 37
998	 38
999	 38
1000	 39
1001	 40
1002	 41
1003	 43
1004	 44
1005	 46
1006	 49
1007	 52
1008	 57
1009	 61
1010	 66
1011	 72
1012	 78
1013	 84
1014	 91
1015	 97
1016	103
1017	111
1018	117
1019	125
1020	130
1021	137
1022	144
1023	150
1024	157
1025	162
1026	168
1027	172
1028	176
1029	180
1030	183
1031	185
1032	187
1033	190
1034	191
1035	193
1036	192
1037	193
1038	193
1039	195
1040	194
1041	194
1042	193
1043	194
1044	193
1045	191
1046	190
1047	189
1048	187
1049	184
1050	181
1051	177
1052	172
1053	167
1054	164
1055	157
1056	151
1057	146
1058	139
1059	134
1060	127
1061	121
1062	114
1063	107
1064	101
1065	 94
1066	 86
1067	 81
1068	 75
1069	 70
1070	 66
1071	 62
1072	 58
1073	 56
1074	 53
1075	 53
1076	 52
1077	 53
1078	 53
1079	 55
1080	 59
1081	 62
1082	 67
1083	 72
1084	 78
1085	 85
1086	 92
1087	 98
1088	105
1089	112
1090	116
1091	123
1092	130
1093	136
1094	142
1095	148
1096	154
1097	159
1098	164
1099	169
1100	172
1101	177
1102	180
1103	182
1104	184
1105	187
1106	189
1107	189
1108	191
1109	193
1110	193
1111	194
1112	194
1113	195
1114	195
1115	195
1116	194
1117	195
1118	196
1119	195
1120	194
1121	194
1122	194
1123	195
1124	195
1125	194
1126	195
1127	195
1128	194
1129	195
1130	193
1131	193
1132	192
1133	192
1134	192
1135	192
1136	190
1137	190
1138	188
1139	188
1140	186
1141	185
1142	182
1143	181
1144	177
1145	175
1146	169
1147	166
1148	159
1149	154
1150	148
1151	142
1152	136
1153	130
1154	123
1155	117
1156	112
1157	105
1158	 99
1159	 94
1160	 88
1161	 84
1162	 78
1163	 74
1164	 70
1165	 67
1166	 65
1167	 64
1168	 64
1169	 65
1170	 67
1171	 70
1172	 74
1173	 80
1174	 85
1175	 90
1176	 96
1177	102
1178	108
1179	114
1180	119
1181	127
1182	132
1183	137
1184	142
1185	148
1186	153
1187	157
1188	159
1189	163
1190	163
1191	163
1192	161
1193	160
1194	157
1195	154
1196	149
1197	146
1198	140
1199	134
1200	127
1201	122
1202	116
1203	110
1204	103
1205	 98
1206	 92
1207	 86
1208	 80
1209	 75
1210	 71
1211	 66
1212	 63
1213	 59
1214	 56
1215	 53
1216	 50
1217	 49
1218	 46
1219	 44
1220	 43
1221	 42
1222	 42
1223	 42
1224	 41
1225	 41
1226	 40
1227	 39
1228	 39
1229	 39
1230	 40
1231	 40
1232	 40
1233	 40
1234	 40
1235	 41
1236	 41
1237	 42
1238	 43
1239	 44
1240	 47
1241	 48
1242	 51
1243	 56
1244	 61
1245	 67
1246	 75
1247	 82
1248	 89
1249	 96
1250	103
1251	110
1252	117
1253	123
1254	129
1255	135
1256	141
1257	147
1258	154
1259	159
1260	164
1261	170
1262	174
1263	178
1264	181
1265	185
1266	186
1267	190
1268	191
1269	193
1270	194
1271	195
1272	195
1273	197
1274	198
1275	199
1276	199
1277	198
1278	197
1279	197
1280	197
1281	195
1282	193
1283	192
1284	189
1285	187
1286	183
1287	180
1288	174
1289	169
1290	162
1291	155
1292	147
1293	141
1294	133
1295	127
1296	121
1297	115
1298	109
1299	104
1300	 97
1301	 92
1302	 86
1303	 82
1304	 77
1305	 73
1306	 69
1307	 68
1308	 66
1309	 65
1310	 65
1311	 65
1312	 68
1313	 72
1314	 77
1315	 83
1316	 89
1317	 95
1318	103
1319	109
1320	116
1321	123
1322	128
1323	135
1324	141
1325	147
1326	152
1327	157
1328	162
1329	167
1330	172
1331	176
1332	180
1333	184
1334	186
1335	189
1336	191
1337	194
1338	194
1339	196
1340	197
1341	199
1342	199
1343	199
1344	199
1345	200
1346	200
1347	200
1348	199
1349	199
1350	198
1351	195
1352	194
1353	191
1354	187
1355	184
1356	178
1357	172
1358	164
1359	156
1360	149
1361	142
1362	134
1363	127
1364	119
1365	114
1366	108
1367	102
1368	 95
1369	 90
1370	 84
1371	 79
1372	 74
1373	 70
1374	 67
1375	 62
1376	 60
1377	 57
1378	 55
1379	 53
1380	 51
1381	 48
1382	 47
1383	 45
1384	 43
1385	 42
1386	 42
1387	 41
1388	 39
1389	 40
1390	 40
1391	 40
1392	 39
1393	 39
1394	 39
1395	 39
1396	 40
1397	 40
1398	 40
1399	 40
1400	 40
1401	 40
1402	 42
1403	 43
1404	 44
1405	 46
1406	 50
1407	 54
1408	 60
1409	 66
1410	 74
1411	 82
1412	 92
1413	 99
1414	107
1415	113
1416	120
1417	127
1418	133
1419	139
1420	144
1421	148
1422	151
1423	153
1424	153
1425	151
1426	150
1427	147
1428	142
1429	137
1430	133
1431	127
1432	122
1433	118
1434	111
1435	107
1436	102
1437	 97
1438	 92
1439	 86
1440	 82
1441	 79
1442	 75
1443	 71
1444	 68
1445	 65
1446	 63
1447	 61
1448	 59
1449	 57
1450	 58
1451	 59
1452	 61
1453	 63
1454	 65
1455	 70
1456	 76
1457	 83
1458	 91
1459	 99
1460	107
1461	115
1462	121
1463	128
1464	134
1465	137
1466	142
1467	145
1468	149
1469	154
1470	156
1471	157
1472	156
1473	155
1474	150
1475	145
1476	140
1477	133
1478	126
1479	121
1480	117
1481	112
1482	106
1483	101
1484	 95
1485	 91
1486	 86
1487	 82
1488	 77
1489	 72
1490	 67
1491	 65
1492	 62
1493	 60
1494	 56
1495	 55
1496	 53
1497	 53
1498	 53
1499	 53
1500	 53
1501	 55
1502	 58
1503	 64
1504	 71
1505	 81
1506	 91
1507	100
1508	109
1509	116
1510	123
1511	129
1512	135
1513	139
1514	145
1515	150
1516	154
1517	157
1518	159
1519	160
1520	157
1521	153
1522	146
1523	139
1524	132
1525	125
1526	121
1527	115
1528	109
1529	104
1530	 99
1531	 94
1532	 90
1533	 86
1534	 81
1535	 77
1536	 72
1537	 68
1538	 65
1539	 61
1540	 59
1541	 57
1542	 55
1543	 53
1544	 52
1545	 51
1546	 50
1547	 49
1548	 47
1549	 45
1550	 44
1551	 43
1552	 42
1553	 41
1554	 42
1555	 42
1556	 42
1557	 42
1558	 44
1559	 43
1560	 43
1561	 43
1562	 45
1563	 47
1564	 46
1565	 45
1566	 44
1567	 44
1568	 44
1569	 44
1570	 44
1571	 43
1572	 44
1573	 46
1574	 46
1575	 45
1576	 44
1577	 43
1578	 43
1579	 43
1580	 44
1581	 44
1582	 44
1583	 46
1584	 46
1585	 45
1586	 45
1587	 44
1588	 44
1589	 44
1590	 44
1591	 45
1592	 45
1593	 46
1594	 47
1595	 52
1596	 57
1597	 62
1598	 73
1599	 87
1600	101
1601	111
1602	120
1603	128
1604	135
1605	142
1606	149
1607	154
1608	161
1609	165
1610	170
1611	175
1612	177
1613	182
1614	186
1615	190
1616	192
1617	193
1618	194
1619	195
1620	195
1621	195
1622	196
1623	195
1624	198
1625	198
1626	197
1627	200
1628	200
1629	201
1630	201
1631	203
1632	203
1633	204
1634	203
1635	203
1636	203
1637	201
1638	198
1639	195
1640	189
1641	182
1642	173
1643	167
1644	158
1645	148
1646	140
1647	131
1648	123
1649	116
1650	111
1651	106
1652	101
1653	 95
1654	 87
1655	 81
1656	 75
1657	 71
1658	 69
1659	 69
1660	 66
1661	 62
1662	 60
1663	 59
1664	 60
1665	 63
1666	 69
1667	 79
1668	 90
1669	101
1670	110
1671	120
1672	129
1673	137
1674	144
1675	150
1676	157
1677	161
1678	165
1679	166
1680	167
1681	170
1682	169
1683	167
1684	161
1685	155
1686	149
1687	142
1688	135
1689	126
1690	117
1691	110
1692	101
1693	 94
1694	 88
1695	 83
1696	 79
1697	 74
1698	 71
1699	 67
1700	 65
1701	 62
1702	 59
1703	 57
1704	 55
1705	 53
1706	 53
1707	 52
1708	 52
1709	 50
1710	 50
1711	 49
1712	 48
1713	 46
1714	 45
1715	 46
1716	 46
1717	 46
1718	 47
1719	 46
1720	 44
1721	 43
1722	 44
1723	 45
1724	 45
1725	 45
1726	 45
1727	 45
1728	 45
1729	 45
1730	 46
1731	 46
1732	 45
1733	 45
1734	 45
1735	 45
1736	 46
1737	 46
1738	 45
1739	 45
1740	 45
1741	 45
1742	 45
1743	 46
1744	 45
1745	 45
1746	 44
1747	 44
1748	 44
1749	 44
1750	 44
1751	 43
1752	 43
1753	 45
1754	 47
1755	 47
1756	 47
1757	 47
1758	 47
1759	 49
1760	 52
1761	 58
1762	 69
1763	 83
1764	 97
1765	110
1766	123
1767	133
1768	143
1769	149
1770	155
1771	161
1772	167
1773	173
1774	179
1775	183
1776	187
1777	188
1778	191
1779	194
1780	197
1781	200
1782	203
1783	202
1784	202
1785	204
1786	203
1787	205
1788	205
1789	205
1790	205
1791	208
1792	211
1793	210
1794	208
1795	208
1796	208
1797	208
1798	207
1799	208
1800	207
1801	205
1802	203
1803	200
1804	195
1805	190
1806	178
1807	168
1808	156
1809	146
1810	133
1811	122
1812	112
1813	105
1814	 96
1815	 90
1816	 84
1817	 80
1818	 77
1819	 73
1820	 69
1821	 65
1822	 62
1823	 60
1824	 58
1825	 58
1826	 58
1827	 57
1828	 59
1829	 62
1830	 67
1831	 76
1832	 87
1833	100
1834	113
1835	127
1836	139
1837	148
1838	156
1839	163
1840	169
1841	173
1842	179
1843	183
1844	187
1845	192
1846	197
1847	199
1848	202
1849	202
1850	201
1851	198
1852	189
1853	181
1854	170
1855	159
1856	144
1857	133
1858	124
1859	114
1860	104
1861	 96
1862	 89
1863	 83
1864	 78
1865	 73
1866	 68
1867	 65
1868	 61
1869	 60
1870	 57
1871	 55
1872	 53
1873	 52
1874	 51
1875	 50
1876	 49
1877	 50
1878	 50
1879	 50
1880	 49
1881	 48
1882	 48
1883	 49
1884	 48
1885	 49
1886	 48
1887	 46
1888	 45
1889	 44
1890	 44
1891	 45
1892	 45
1893	 45
1894	 46
1895	 46
1896	 46
1897	 45
1898	 45
1899	 44
1900	 44
1901	 45
1902	 46
1903	 47
1904	 47
1905	 47
1906	 47
1907	 48
1908	 48
1909	 47
1910	 48
1911	 48
1912	 49
1913	 48
1914	 47
1915	 48
1916	 47
1917	 47
1918	 47
1919	 46
1920	 47
1921	 50
1922	 52
1923	 56
1924	 60
1925	 66
1926	 74
1927	 84
1928	 96
1929	108
1930	120
1931	131
1932	139
1933	149
1934	156
1935	163
1936	167
1937	173
1938	179
1939	183
1940	187
1941	191
1942	193
1943	197
1944	200
1945	200
1946	201
1947	201
1948	202
1949	203
1950	203
1951	203
1952	203
1953	199
1954	198
1955	198
1956	196
1957	195
1958	195
1959	194
1960	194
1961	196
1962	197
1963	198
1964	198
1965	198
1966	195
1967	189
1968	184
1969	174
1970	164
1971	150
1972	137
1973	123
1974	111
1975	101
1976	 93
1977	 87
1978	 81
1979	 74
1980	 71
1981	 69
1982	 67
1983	 65
1984	 63
1985	 62
1986	 60
1987	 60
1988	 59
1989	 58
1990	 58
1991	 59
1992	 64
1993	 72
1994	 83
1995	 96
1996	110
1997	124
1998	138
1999	150
2000	160
2001	168
2002	176
2003	180
2004	185
2005	189
2006	192
2007	193
2008	195
2009	195
2010	194
2011	193
2012	194
2013	191
2014	188
2015	184
2016	177
2017	169
2018	159
2019	148
2020	133
2021	118
2022	106
2023	 96
2024	 90
2025	 85
2026	 78
2027	 72
2028	 67
2029	 63
2030	 59
2031	 57
2032	 56
2033	 56
2034	 56
2035	 56
2036	 54
2037	 53
2038	 54
2039	 55
2040	 55
2041	 53
2042	 53
2043	 51
2044	 49
2045	 49
2046	 48
2047	 47
2048	 47
2049	 48
2050	 48
2051	 49
2052	 50
2053	 51
2054	 51
2055	 50
2056	 50
2057	 50
2058	 49
2059	 49
2060	 49
2061	 50
2062	 50
2063	 52
2064	 52
2065	 52
2066	 54
2067	 53
2068	 51
2069	 50
2070	 49
2071	 48
2072	 47
2073	 47
2074	 47
2075	 46
2076	 45
2077	 44
2078	 44
2079	 44
2080	 44
2081	 44
2082	 44
2083	 45
2084	 49
2085	 53
2086	 56
2087	 64
2088	 73
2089	 84
2090	 97
2091	111
2092	123
2093	134
2094	145
2095	154
2096	161
2097	166
2098	173
2099	179
2100	185
2101	189
2102	193
2103	195
2104	198
2105	198
2106	200
2107	198
2108	198
2109	197
2110	198
2111	198
2112	199
2113	202
2114	201
2115	202
2116	202
2117	201
2118	201
2119	201
2120	199
2121	200
2122	201
2123	203
2124	203
2125	203
2126	203
2127	200
2128	197
2129	194
2130	188
2131	180
2132	173
2133	163
2134	152
2135	140
2136	129
2137	120
2138	109
2139	 99
2140	 91
2141	 86
2142	 79
2143	 74
2144	 70
2145	 68
2146	 65
2147	 64
2148	 61
2149	 60
2150	 56
2151	 55
2152	 56
2153	 57
2154	 58
2155	 57
2156	 58
2157	 60
2158	 64
2159	 70
2160	 76
2161	 85
2162	 97
2163	110
2164	125
2165	138
2166	147
2167	156
2168	163
2169	168
2170	175
2171	179
2172	182
2173	186
2174	189
2175	190
2176	189
2177	185
2178	177
2179	169
2180	159
2181	148
2182	136
2183	125
2184	113
2185	102
2186	 95
2187	 87
2188	 81
2189	 74
2190	 69
2191	 66
2192	 62
2193	 58
2194	 55
2195	 52
2196	 50
2197	 49
2198	 49
2199	 51
2200	 51
2201	 51
2202	 49
2203	 49
2204	 48
2205	 47
2206	 46
2207	 46
2208	 46
2209	 46
2210	 45
2211	 46
2212	 46
2213	 47
2214	 49
2215	 48
2216	 47
2217	 46
2218	 47
2219	 47
2220	 49
2221	 51
2222	 52
2223	 52
2224	 53
2225	 56
2226	 59
2227	 63
2228	 71
2229	 82
2230	 95
2231	106
2232	119
2233	130
2234	142
2235	151
2236	159
2237	168
2238	173
2239	178
2240	182
2241	185
2242	188
2243	189
2244	187
2245	183
2246	174
2247	165
2248	154
2249	142
2250	130
2251	119
2252	107
2253	 99
2254	 90
2255	 84
2256	 78
2257	 75
2258	 72
2259	 69
2260	 65
2261	 62
2262	 60
2263	 58
2264	 57
2265	 56
2266	 54
2267	 54
2268	 52
2269	 53
2270	 52
2271	 53
2272	 53
2273	 53
2274	 52
2275	 51
2276	 53
2277	 53
2278	 54
2279	 53
2280	 52
2281	 51
2282	 52
2283	 53
2284	 53
2285	 52
2286	 52
2287	 53
2288	 55
2289	 55
2290	 54
2291	 55
2292	 56
2293	 55
2294	 54
2295	 54
2296	 54
2297	 53
2298	 54
2299	 57
2300	 65
2301	 77
2302	 91
2303	106
2304	119
2305	132
2306	143
2307	153
2308	162
2309	171
2310	174
2311	179
2312	182
2313	189
2314	191
2315	195
2316	198
2317	200
2318	201
2319	203
2320	205
2321	206
2322	208
2323	207
2324	208
2325	210
2326	209
2327	209
2328	208
2329	208
2330	207
2331	207
2332	204
2333	201
2334	201
2335	201
2336	201
2337	199
2338	193
2339	186
2340	175
2341	163
2342	157
2343	149
2344	137
2345	125
2346	113
2347	104
2348	 96
2349	 91
2350	 86
2351	 81
2352	 75
2353	 70
2354	 67
2355	 64
2356	 63
2357	 64
2358	 64
2359	 64
2360	 63
2361	 62
2362	 59
2363	 59
2364	 59
2365	 61
2366	 63
2367	 69
2368	 75
2369	 86
2370	 97
2371	110
2372	123
2373	135
2374	146
2375	156
2376	163
2377	171
2378	177
2379	179
2380	182
2381	183
2382	182
2383	180
2384	177
2385	171
2386	164
2387	156
2388	148
2389	142
2390	134
2391	124
2392	112
2393	103
2394	 96
2395	 91
2396	 88
2397	 82
2398	 76
2399	 73
2400	 72
2401	 71
2402	 70
2403	 69
2404	 68
2405	 66
2406	 65
2407	 64
2408	 60
2409	 59
2410	 62
2411	 64
2412	 63
2413	 64
2414	 69
2415	 77
2416	 90
2417	104
2418	117
2419	129
2420	138
2421	146
2422	154
2423	162
2424	167
2425	173
2426	177
2427	182
2428	185
2429	187
2430	188
2431	189
2432	189
2433	191
2434	194
2435	194
2436	194
2437	194
2438	193
2439	194
2440	195
2441	197
2442	196
2443	197
2444	197
2445	196
2446	197
2447	198
2448	198
2449	197
2450	195
2451	194
2452	196
2453	197
2454	196
2455	198
2456	196
2457	197
2458	198
2459	197
2460	198
2461	199
2462	200
2463	199
2464	198
2465	199
2466	200
2467	200
2468	200
2469	202
2470	200
2471	198
2472	196
2473	197
2474	198
2475	199
2476	199
2477	201
2478	201
2479	200
2480	201
2481	200
2482	199
2483	199
2484	197
2485	198
2486	198
2487	196
2488	196
2489	196
2490	197
2491	197
2492	197
2493	197
2494	197
2495	197
2496	195
2497	195
2498	191
2499	186
2500	179
2501	169
2502	157
2503	146
2504	137
2505	126
2506	117
2507	108
2508	101
2509	 92
2510	 87
2511	 83
2512	 82
2513	 77
2514	 72
2515	 68
2516	 65
2517	 65
2518	 63
2519	 62
2520	 60
2521	 59
2522	 60
2523	 61
2524	 63
2525	 64
2526	 64
2527	 70
2528	 79
2529	 90
2530	 99
2531	109
2532	119
2533	128
2534	138
2535	146
2536	153
2537	159
2538	163
2539	167
2540	169
2541	171
2542	172
2543	173
2544	173
2545	170
2546	163
2547	156
2548	147
2549	137
2550	129
2551	123
2552	117
2553	109
2554	101
2555	 94
2556	 90
2557	 83
2558	 79
2559	 76
2560	 74
2561	 75
2562	 73
2563	 71
2564	 68
2565	 67
2566	 66
2567	 67
2568	 67
2569	 66
2570	 64
2571	 61
2572	 61
2573	 65
2574	 71
2575	 81
2576	 93
2577	107
2578	120
2579	130
2580	137
2581	147
2582	154
2583	159
2584	163
2585	168
2586	173
2587	175
2588	178
2589	181
2590	184
2591	186
2592	187
2593	190
2594	190
2595	192
2596	191
2597	192
2598	191
2599	193
2600	193
2601	194
2602	193
2603	194
2604	197
2605	199
2606	199
2607	199
2608	197
2609	198
2610	198
2611	198
2612	198
2613	199
2614	199
2615	201
2616	200
2617	201
2618	200
2619	201
2620	199
2621	201
2622	199
2623	199
2624	199
2625	200
2626	199
2627	199
2628	199
2629	198
2630	199
2631	199
2632	199
2633	200
2634	199
2635	199
2636	199
2637	198
2638	197
2639	197
2640	193
2641	195
2642	193
2643	192
2644	191
2645	191
2646	193
2647	193
2648	192
2649	195
2650	195
2651	194
2652	194
2653	195
2654	195
2655	193
2656	193
2657	193
2658	194
2659	195
2660	194
2661	195
2662	196
2663	195
2664	196
2665	196
2666	195
2667	195
2668	195
2669	194
2670	194
2671	195
2672	194
2673	194
2674	195
2675	194
2676	193
2677	193
2678	193
2679	193
2680	191
2681	191
2682	190
2683	191
2684	189
2685	188
2686	188
2687	188
2688	188
2689	187
2690	189
2691	190
2692	188
2693	189
2694	190
2695	188
2696	189
2697	188
2698	187
2699	189
2700	192
